2654918651326 * 16838573774 44705043574321433924324
53842 % 240575 53842
7835879 + 7047713 14883592
8036389067124 + 14991324440903 23027713508027
9733840472301 / 96130242225 101
253158 * 28472 7207914576
47633740305261527568 - 706718125938493903 46927022179323033665
1285945837422 / 95667899471 13
305358882731848950 - 670037285472652668 -364678402740803718
4103704537068834 * 99341613599067 407668630446230227497457177878
27612881555825470680 % 30487455461870878233 27612881555825470680
2917144 + 309168348 312085492
5662862750879 + 73219523910 5736082274789
97282401376142 / 23020481063805 4
1569056118302583767 % 97011044254163305 16879410235970887
6628449 + 963328 7591777
981413621193412335 + 5106125397460812015 6087539018654224350
9571348821075295 - 2193087030660432 7378261790414863
164837237213 / 45710724477708 0
88624801501425 % 8765392761492642 88624801501425
3522349 % 814480 264429
93133840027614895 % 1145984279295008 309113404719247
2877080357457 - 157298165956 2719782191501
65951 + 20310 86261
411225 % 51473 50914
8585446449937177752 * 23248282141237545 199596881376625769980714453921098840
731228462028170 / 5948367226577 122
58622850 - 854239110 -795616260
79455222779792 / 575283369876 138
6058583722660 * 36727002350633 222513618623640651747443780
8370586 % 599670 574876
70584707679502213225 / 524118134073091628 134
423843690543755315 * 87049448056492317 36895359324060632142463847625414855
66379262757 % 4987829318992 66379262757
6190883065 + 663335238296 669526121361
6380179043334 - 194418858517362 -188038679474028
7581298999684649157 / 29893852572097741249 0
196187410039440260 + 6525609844065088896 6721797254104529156
341918250 - 9616783755 -9274865505
9465617 + 27151725 36617342
676064095 + 7934961613 8611025708
27350966739682354 * 637684229060351713 17441280139449663310340921139772402
4752257674241 + 86288480074885 91040737749126
842573246489 % 4406343829010 842573246489
30476 / 198018 0
15798 * 63279 999681642
710917924071 * 1821554368786 1294975650439803880447806
45806282544376602223 * 3613752523062816515 165532569116869196780076729628190112845
765901019423170429 / 96388108827045697 7
355998 + 4013505 4369503
2737260677 / 38696825915 0
60651252653059591 - 798660213190007 59852592439869584
60031846014906736 - 751979981042651976 -691948135027745240
17960026530377 / 580727389799 30
51438962485 / 2058641549950 0
94428919 / 90769796 1
35831520 / 968461 36
9680033309 * 924161253 8945911711927176177
5025280911549 + 92696593719 5117977505268
4157886828428253437 / 958323434627869798 4
2691515904 / 71418848 37
402866275010 / 4731514723683 0
13213590004020 + 5523117440089 18736707444109
7330526561754318487 - 837048011589761039 6493478550164557448
3794580229846584 + 7690173733015993 11484753962862577
11000874 - 1799598620 -1788597746
78131151040280155150 - 78477800913147414298 -346649872867259148
217433749369335043 % 483099165436083923 217433749369335043
3940421776 % 2989365804 951055972
74124882 / 1500724672 0
567854 - 779426 -211572
259035746 * 96369588439 24963168233009340494
534585016820827 * 5736007805972 3066383829439936594904578844
9172700403355705694 / 39620177035056890856 0
66541046 + 726438034 792979080
880781228136 + 39897833091 920679061227
50559 * 95465 4826614935
98685633 + 261315 98946948
73970517021413780 % 5976685481493152 2250291243495956
3418802372534402 / 5404354163634374 0
241240 - 89510 151730
197211323 + 277007252 474218575
36392 + 67855 104247
5388978180362917656 / 35119819985817514517 0
888784736089646 / 5880971089700738 0
63865581112542 - 97430957410144 -33565376297602
93939574 / 657761 142
4901273 + 80015 4981288
17420238579732801 * 535525175707138 9328976326271672377560268433538
2747547882538033 - 432963690847424956 -430216142964886923
4205973628011109 / 47278778349151587 0
8632774711934616478 * 788855370344188245 6810010692481124875141943060310901110
545767220324541703 - 97629197417953226469 -97083430197628684766
1498429618508879283 + 813741695798737523 2312171314307616806
64744496461651 / 5743060887566927 0
3188822235754 + 52919621547752 56108443783506
66451709 + 94582197 161033906
74825725 * 774082 57921246859450
1294906431 * 580797892123 752078925621316943013
639590266 * 689107542 440746476090386172



